R 4 7330860 1
R 4 153721680 1
R 8 154260920 5
R 8 263828952 5
R 8 7330816 5
R 8 4988928 5
R 4 7330860 7
R 4 153723872 7
R 8 154260920 5
R 8 263828960 5
R 8 7330816 5
R 8 4988928 5
R 4 7330860 7
R 4 154258720 7
R 8 154260920 5
R 8 263828968 5
R 8 7330816 5
R 8 4988928 5
R 4 7330860 7
R 4 154263104 7
R 8 154260920 5
R 8 263828976 5
R 8 7330816 5
R 8 4988928 5
R 4 7330860 7
R 4 154841792 7
R 8 154260920 5
R 8 263828984 5
R 8 7330816 5
R 8 4988928 5
R 4 7330860 7
R 4 154843984 7
W 4 154843984 8
R 4 7330856 8
W 4 154843988 8
R 8 7330880 8
R 4 7330848 9
R 4 7330852 9
R 8 7330840 10
W 8 149125408 10
R 4 7330848 10
W 4 7330848 10
R 4 154260928 10
R 8 140730171044776 13
R 4 7330832 13
R 8 140730171044744 13
W 8 140730171044744 13
R 8 140730171044776 15
R 8 7330824 15
R 8 140730171044744 15
