MOV 8 4231680 4 1 18 1 56 18 0 1 0 0 3 0 0 0
CMP 1 4231684 3 2 5 56 1 25 5 0 1 0 0 3 0 0 0
MOV 8 4231750 4 1 16 1 10 16 0 1 0 0 3 0 0 0
MOV 8 4231754 4 2 10 7 1 5 10 7 1 0 0 3 0 0 0
MOV 8 4231758 3 1 18 1 10 18 0 1 0 0 3 0 0 0
MOV 8 4231761 3 1 10 1 10 10 0 1 0 0 3 0 0 0
MOV 8 4231680 4 1 18 1 56 18 0 1 0 0 3 0 0 0
CMP 1 4231684 3 2 5 56 1 25 5 0 1 0 0 3 0 0 0
MOV 8 4231750 4 1 16 1 10 16 0 1 0 0 3 0 0 0
MOV 8 4231754 4 2 10 7 1 5 10 7 1 0 0 3 0 0 0
MOV 8 4231758 3 1 18 1 10 18 0 1 0 0 3 0 0 0
MOV 8 4231761 3 1 10 1 10 10 0 1 0 0 3 0 0 0
MOV 8 4231680 4 1 18 1 56 18 0 1 0 0 3 0 0 0
CMP 1 4231684 3 2 5 56 1 25 5 0 1 0 0 3 0 0 0
MOV 8 4231750 4 1 16 1 10 16 0 1 0 0 3 0 0 0
MOV 8 4231754 4 2 10 7 1 5 10 7 1 0 0 3 0 0 0
MOV 8 4231758 3 1 18 1 10 18 0 1 0 0 3 0 0 0
MOV 8 4231761 3 1 10 1 10 10 0 1 0 0 3 0 0 0
MOV 8 4231680 4 1 18 1 56 18 0 1 0 0 3 0 0 0
CMP 1 4231684 3 2 5 56 1 25 5 0 1 0 0 3 0 0 0