#
# Compressed Trace Generated By Pin to SiNUCA
#
R 4 140731455904876 1
R 4 94130296631036 1
R 4 94130296586764 1
W 4 140731455904876 1
R 4 140731455903756 1
W 4 140731455903756 1
R 4 140731455904880 4
R 4 94130296631040 4
R 4 94130296586768 4
W 4 140731455904880 4
R 4 140731455903760 4
W 4 140731455903760 4
R 4 140731455904884 4
R 4 94130296631044 4
R 4 94130296586772 4
W 4 140731455904884 4
R 4 140731455903764 4
W 4 140731455903764 4
R 4 140731455904888 4
R 4 94130296631048 4
R 4 94130296586776 4
W 4 140731455904888 4
R 4 140731455903768 4
W 4 140731455903768 4
R 4 140731455904892 4
R 4 94130296631052 4
R 4 94130296586780 4
W 4 140731455904892 4
R 4 140731455903772 4
W 4 140731455903772 4
R 4 140731455904896 4
R 4 94130296631056 4
R 4 94130296586784 4
W 4 140731455904896 4
R 4 140731455903776 4
W 4 140731455903776 4
R 4 140731455904900 4
R 4 94130296631060 4
R 4 94130296586788 4
W 4 140731455904900 4
R 4 140731455903780 4
W 4 140731455903780 4
R 4 140731455904904 4
R 4 94130296631064 4
R 4 94130296586792 4
W 4 140731455904904 4
R 4 140731455903784 4
W 4 140731455903784 4
R 4 140731455904908 4
R 4 94130296631068 4
R 4 94130296586796 4
W 4 140731455904908 4
R 4 140731455903788 4
W 4 140731455903788 4
R 4 140731455904912 4
R 4 94130296631072 4
R 4 94130296586800 4
W 4 140731455904912 4
R 4 140731455903792 4
W 4 140731455903792 4
R 4 140731455904916 4
R 4 94130296631076 4
R 4 94130296586804 4
W 4 140731455904916 4
R 4 140731455903796 4
W 4 140731455903796 4
R 4 140731455904920 4
R 4 94130296631080 4
R 4 94130296586808 4
W 4 140731455904920 4
R 4 140731455903800 4
W 4 140731455903800 4
R 4 140731455904924 4
R 4 94130296631084 4
R 4 94130296586812 4
W 4 140731455904924 4
R 4 140731455903804 4
W 4 140731455903804 4
R 4 140731455904928 4
R 4 94130296631088 4
R 4 94130296586816 4
W 4 140731455904928 4
R 4 140731455903808 4
W 4 140731455903808 4
R 4 140731455904932 4
R 4 94130296631092 4
R 4 94130296586820 4
W 4 140731455904932 4
R 4 140731455903812 4
W 4 140731455903812 4
R 4 140731455904936 4
R 4 94130296631096 4
R 4 94130296586824 4
W 4 140731455904936 4
R 4 140731455903816 4
W 4 140731455903816 4
R 4 140731455904940 4
